%YAML:1.0
---
model_type: PINHOLE
camera_name: camera
image_width: 1280
image_height: 800
distortion_parameters:
  k1: -0.39166568539045615
  k2: 0.15071510020293827
  p1: -0.0005207466240420866
  p2: 0.00119372786292543
projection_parameters:
  fx: 1053.1216294676458
  fy: 1053.7211745265017
  cx: 671.1666202868286
  cy: 330.7490993214455
