%YAML:1.0
---
model_type: PINHOLE
camera_name: camera
image_width: 1280
image_height: 800
distortion_parameters:
  k1: -0.39361678054112026
  k2: 0.15293568698596516
  p1: -0.0005106321308083494
  p2: 0.001630476234212862
projection_parameters:
  fx: 1055.696578079414
  fy: 1056.0327896352933
  cx: 666.2914210045061
  cy: 331.25697121349526
