%YAML:1.0
---
model_type: PINHOLE
camera_name: camera
image_width: 1280
image_height: 720
distortion_parameters:
  k1: -0.04676934819423604
  k2: 0.08173435926142696
  p1: 0.00005150554925302808
  p2: -0.0006559110259307498
projection_parameters:
  fx: 1032.0230169083666
  fy: 1031.9228350853227
  cx: 635.7984669404815
  cy: 363.7983041628037