%YAML:1.0

#common parameters
imu_topic: "/davis_left/imu"
event_left_topic: "/davis_left/events"
event_right_topic: "/davis_right/events"
image_left_topic: "/davis_left/image_raw"
image_right_topic: "/davis_right/image_raw"


system_mode: 1 # 0 for ESIO, 1 for ESVIO

output_path: "/home/cpy/Datasets/output"

###########################################################################################################################

#camera calibration
cam_left_calib: "cam0_esvio.yaml"
cam_right_calib: "cam1_esvio.yaml"

#event calibration
event_left_calib: "event0_esvio.yaml"
event_right_calib: "event1_esvio.yaml"

image_width: 346
image_height: 260

event_width: 346
event_height: 260


###########################################################################################################################
# Transformation between imu and left cam/event

# Extrinsic parameter between IMU and Camera.
estimate_extrinsic: 0   # 0  Have an accurate extrinsic parameters. We will trust the following imu^R_cam, imu^T_cam, don't change it.
                        # 1  Have an initial guess about extrinsic parameters. We will optimize around your initial guess.
                        # 2  Don't know anything about extrinsic parameters. You don't need to give R,T. We will try to calibrate it. Do some rotation movement at beginning.
#If you choose 0 or 1, you should write down the following matrix.

#Rotation from left camera frame to imu frame, imu^R_cam; 
extrinsicRotation: !!opencv-matrix 
   rows: 3
   cols: 3
   dt: d
   # data: [0.99995523,  0.00599467, -0.00732165,  
   #        -0.00603191,  0.99996893, -0.00507505,
   #        0.007291,    0.00511898,  0.99996032] 
   
   #### T_i2_i * T_i_c = [0,0,1;-1,0,0;0,-1,0]* T_i_c flight version ####
   data: [0.999855,-0.00532926,-0.00074504,
          0.00531736,0.99987107,0.01515182,
          -0.00082569,-0.01514764,0.99988493]

extrinsicTranslation: !!opencv-matrix
   rows: 3
   cols: 1
   dt: d
   # data: [ -0.00054603,0.00046837, 0.06016175]

   #### T_i2_i * T_i_c = [0,0,1;-1,0,0;0,-1,0]* T_i_c flight version ####
   data: [-0.00177098, -0.00476027, 0.05360965]

#### Rotation from left event frame to imu frame, imu^R_event; 
extrinsicRotation_event: !!opencv-matrix
   rows: 3
   cols: 3
   dt: d
   # data: [0.99995523,  0.00599467, -0.00732165,  
   #        -0.00603191,  0.99996893, -0.00507505,
   #        0.007291,    0.00511898,  0.99996032]
   
   #### T_i2_i * T_i_c = [0,0,1;-1,0,0;0,-1,0]* T_i_c flight version ####
   data: [0.999855, -0.00532926, -0.00074504,
          0.00531736, 0.99987107, 0.01515182,
          -0.00082569, -0.01514764, 0.99988493]

extrinsicTranslation_event: !!opencv-matrix
   rows: 3
   cols: 1
   dt: d
   # data: [ -0.00054603,0.00046837, 0.06016175]

   #### T_i2_i * T_i_c = [0,0,1;-1,0,0;0,-1,0]* T_i_c flight version ####
   data: [-0.00177098, -0.00476027, 0.05360965]

T_camera_imu: 0  # whether the input is imu to cam. if yes, T_camera_imu = 1 
T_event_imu: 0  # whether the input is imu to event. if yes, T_camera_imu = 1 

###########################################################################################################################
# Transformation between right and left camera, left to right
Rrl: !!opencv-matrix
   rows: 3
   cols: 3
   dt: d
   data: [0.99930954, -0.00689982,  0.03650814,
          0.0068352,   0.99997485,  0.00189457,
          -0.03652029, -0.00164372,  0.99933156] 

Trl: !!opencv-matrix
   rows: 3
   cols: 1
   dt: d
   data: [-0.11202097 , -0.0008076, 0.00238481]

body_T_cam1: !!opencv-matrix # camera right camera to imu
   rows: 4
   cols: 4
   dt: d
   data: [0.99935904,  0.00150739, -0.03576646,  0.11221684,
          -0.00103208,  0.999911,    0.013304,   -0.00106358,
          0.03578333, -0.01325856,  0.99927162,  0.05296336,
          0.00000000, 0.00000000, 0.00000000, 1.00000000 ]

###########################################################################################################################
# left event to right event. Rrl_event = (R_l_re)^-1 * R_l_le
Rrl_event: !!opencv-matrix
   rows: 3
   cols: 3
   dt: d
   data: [0.99930954, -0.00689982,  0.03650814,
          0.0068352,   0.99997485,  0.00189457,
          -0.03652029, -0.00164372,  0.99933156] 

Trl_event: !!opencv-matrix
   rows: 3
   cols: 1
   dt: d
   data: [-0.11202097 , -0.0008076, 0.00238481]

body_T_event1: !!opencv-matrix # right event to imu.  R_i_re = (R_l_i)^-1 * R_l_re
   rows: 4
   cols: 4
   dt: d
   data: [0.99935904,  0.00150739, -0.03576646,  0.11221684,
          -0.00103208,  0.999911, 0.013304,   -0.00106358,
          0.03578333, -0.01325856,  0.99927162,  0.05296336,
          0.00000000, 0.00000000, 0.00000000, 1.00000000 ]


###########################################################################################################################
#time surface map
ignore_polarity: 0 #true 1 false 0;
decay_ms: 20 #20
median_blur_kernel_size: 0 #1 or 0
feature_filter_threshold: 0.01

#feature traker paprameters
TS_LK_threshold: 128.0   # the feature detection is based on the time surface
max_cnt: 150 #250 #300 #150            # max feature number in feature tracking event 
max_cnt_img: 150                       # max feature number in feature tracking image
min_dist: 10 #10            # min distance between two event features 
min_dist_img: 10            # min distance between two image features 
freq: 15 # ESVIO 15  ESIO 10             # frequence (Hz) of publish tracking result. At least 10Hz for good estimation. If set 0, the frequence will be same as raw image 
F_threshold: 1.0        # ransac threshold (pixel)
show_track: 1           # publish tracking image as topic
flow_back: 1            # perform forward and backward optical flow to improve feature tracking accuracy
equalize: 0             # if image is too dark or light, trun on equalize to find enough features
fisheye: 0              # if using fisheye, trun on it. A circle mask will be loaded to remove edge noisy points
Num_of_thread: 4        #number of the threads for the big event data process

Do_motion_correction: 0 #whether use motion correction

###########################################################################################################################
#optimization parameters
max_solver_time: 0.04  # max solver itration time (ms), to guarantee real time
max_num_iterations: 8   # max solver itrations, to guarantee real time
keyframe_parallax: 10.0 # keyframe selection threshold (pixel)

###########################################################################################################################
acc_n: 0.2 #4.4793336127290362e-02 #0.1 #0.2  #4.4793336127290362e-02        # accelerometer measurement noise standard deviation. #0.2   0.04
gyr_n: 0.05 #3.1404034561189407e-03 #0.025 #0.05 #3.1404034561189407e-03        # gyroscope measurement noise standard deviation.     #0.05  0.004
acc_w: 0.002 #8.0169405615955990e-04 #0.001 #0.002 #8.0169405615955990e-04        # accelerometer bias random work noise standard deviation.  #0.002
gyr_w: 4.0e-5 #2.8618210492185127e-05 #2.0e-5 #4.0e-5 #2.8618210492185127e-05       # gyroscope bias random work noise standard deviation.     #4.0e-5
g_norm: 9.80766     # gravity magnitude

###########################################################################################################################

#unsynchronization parameters
estimate_td: 1                      # online estimate time offset between camera and imu
td: 0.00777437    #0.0            # initial value of time offset. unit: s. readed image clock + td = real image clock (IMU clock)

#rolling shutter parameters
rolling_shutter: 0                  # 0: global shutter camera, 1: rolling shutter camera
rolling_shutter_tr: 0               # unit: s. rolling shutter read out time per frame (from data sheet).

###########################################################################################################################

#loop closure parameters
loop_closure: 1                    # start loop closure
loop_closure_topic: "/davis_left/image_raw"   
load_previous_pose_graph: 0 #1        # load and reuse previous pose graph; load from 'pose_graph_save_path'
fast_relocalization: 0             # useful in real-time and large project

#visualization parameters
save_image: 1                   #  (DEBUG_IMAGE)  
visualize_imu_forward: 1        # output imu forward propogation to achieve low latency and high frequence results
visualize_camera_size: 0.4      # size of camera marker in RVIZ
save_loop_match: 0              # 
