%YAML:1.0
---
model_type: PINHOLE
camera_name: camera
image_width: 1280
image_height: 800
distortion_parameters:
  k1: -0.39183208525445135
  k2: 0.15139664153353447
  p1: -0.00024058413808424143
  p2: 0.000530190207708036
projection_parameters:
  fx: 1051.4255617439271
  fy: 1051.8592099356201
  cx: 679.123592451161
  cy: 329.2542552484796
